1769808962 23
1769810761 24
1769812562 26
1769814362 28
1769816161 25
1769817962 27
1769819761 28
1769821562 27
1769823362 28
1769825161 30
1769826961 28
1769828761 27
1769830562 27
1769832362 25
1769834162 26
1769835962 27
1769837762 27
1769839561 26
1769841362 26
1769843162 25
1769844961 22
1769846761 21
1769848561 20
1769850361 21
1769852162 18
1769853961 18
1769855761 17
1769857562 17
1769859362 17
1769861161 18
1769862961 19
1769864761 21
1769866561 22
1769868361 23
1769870161 23
1769871962 23
1769873761 23
1769875561 23
1769877362 23
1769879161 22
1769880961 21
1769882762 21
1769884561 22
1769886362 21
1769888162 19
1769889962 19
1769891761 20
1769893562 21
