0.00,0.00,0.00,0.00,0.00,0.13,0.26,0.18,0.05
100W,SSB,TOA>3,LP,S=126
1 0.00,0.00,0.00,0.00,0.00,0.14,0.11,0.01,0.00
2 0.00,0.00,0.00,0.00,0.01,0.06,0.01,0.00,0.00
3 0.00,0.00,0.00,0.00,0.05,0.01,0.00,0.00,0.00
4 0.00,0.00,0.00,0.00,0.04,0.00,0.00,0.00,0.00
5 0.00,0.00,0.00,0.00,0.05,0.00,0.00,0.00,0.00
6 0.00,0.00,0.00,0.00,0.09,0.00,0.00,0.00,0.00
7 0.00,0.01,0.00,0.01,0.11,0.03,0.00,0.00,0.00
8 0.00,0.00,0.00,0.00,0.13,0.00,0.00,0.00,0.00
9 0.00,0.00,0.00,0.04,0.06,0.00,0.00,0.00,0.00
10 0.00,0.00,0.00,0.09,0.00,0.00,0.00,0.00,0.00
11 0.00,0.00,0.02,0.11,0.00,0.00,0.00,0.00,0.00
12 0.00,0.00,0.00,0.08,0.00,0.00,0.00,0.00,0.00
13 0.00,0.00,0.00,0.03,0.00,0.00,0.00,0.00,0.00
14 0.00,0.00,0.00,0.00,0.07,0.00,0.00,0.00,0.00
15 0.00,0.00,0.00,0.00,0.09,0.00,0.00,0.00,0.00
16 0.00,0.00,0.00,0.00,0.02,0.00,0.00,0.00,0.00
17 0.00,0.00,0.00,0.01,0.00,0.00,0.00,0.00,0.00
18 0.00,0.00,0.00,0.01,0.00,0.00,0.00,0.00,0.00
19 0.00,0.00,0.00,0.01,0.00,0.00,0.00,0.00,0.00
20 0.00,0.00,0.00,0.00,0.00,0.00,0.00,0.00,0.00
21 0.00,0.00,0.00,0.00,0.07,0.19,0.01,0.00,0.00
22 0.00,0.00,0.00,0.00,0.00,0.12,0.24,0.02,0.00
23 0.00,0.00,0.00,0.00,0.00,0.04,0.33,0.30,0.03
0 0.00,0.00,0.00,0.00,0.00,0.13,0.26,0.18,0.05
