1769786161 : 0 5.1 1.33556
1769786461 : 0 5.2 1.36414
1769786761 : 0 5.2 1.35848
1769787061 : 0 5.2 1.38288
1769787361 : 0 5.3 1.39515
1769787661 : 0 5.5 1.44744
1769787961 : 0 5.5 1.44744
1769787962 : 0 5.5 1.44744
1769788261 : 0 5.5 1.44744
1769788561 : 0 5.5 1.44744
1769788861 : 0 5.5 1.44744
1769789161 : 0 4.8 1.26246
1769789461 : 0 5 1.30316
1769789761 : 0 5.2 1.35675
1769790061 : 0 5.3 1.39863
1769790062 : 0 5.3 1.39863
1769790361 : 0 5.2 1.37983
1769790661 : 0 5.2 1.38544
1769790961 : 0 5.6 1.47523
1769791261 : 0 5.4 1.43285
1769791262 : 0 5.4 1.43285
1769791561 : 0 4.9 1.27658
1769791861 : 0 4.6 1.20537
1769792161 : 0 4.5 1.17946
1769792461 : 0 4.5 1.17893
1769792761 : 0 4.4 1.15564
1769793061 : 0 4.4 1.14404
1769793062 : 0 4.4 1.14404
1769793361 : 0 4.5 1.17086
1769793661 : 0 4.6 1.20021
1769793961 : 0 4.5 1.16565
1769794261 : 0 4.5 1.17233
1769794561 : 0 4.5 1.16416
1769794562 : 0 4.5 1.16416
1769794861 : 0 4.6 1.21546
1769795161 : 0 4.8 1.26516
1769795461 : 0 5 1.3062
1769795761 : 0 4.7 1.23605
1769796061 : 0 4.6 1.20947
1769796361 : 0 4.6 1.21644
1769796661 : 0 4.7 1.23879
1769796961 : 0 5 1.31072
1769797261 : 0 5.1 1.34005
1769797561 : 0 5.1 1.34126
1769797861 : 0 5.1 1.31952
1769797862 : 0 5.1 1.31952
1769798161 : 0 4.9 1.2872
1769798461 : 0 5.5 1.45969
1769798761 : 0 6.7 1.75416
1769798762 : 0 6.7 1.75416
1769799061 : 0 5.6 1.46664
1769799361 : 0 5.2 1.3496
1769799362 : 0 5.2 1.3496
1769799661 : 0 4.7 1.22521
1769799961 : 0 4.8 1.24474
1769800261 : 0 4.6 1.21579
1769800262 : 0 4.6 1.21579
1769800561 : 0 4.4 1.15505
1769800861 : 0 4.3 1.11273
1769801161 : 0 4.7 1.23448
1769801461 : 0 4.4 1.1538
1769801761 : 0 4.3 1.12058
1769801762 : 0 4.3 1.12058
1769802061 : 0 4.4 1.14591
1769802361 : 0 4.4 1.1631
1769802362 : 0 4.4 1.1631
1769802661 : 0 4.4 1.15789
1769802961 : 0 5.9 1.55456
1769803261 : 0 5 1.31752
1769803561 : 0 4.4 1.16223
1769803861 : 0 4.4 1.14132
1769804161 : 0 4.2 1.08595
1769804461 : 0 4.4 1.14843
1769804761 : 0 4.8 1.25606
1769805061 : 0 4.5 1.18846
1769805361 : 0 4.8 1.2443
1769805661 : 0 4.6 1.19941
1769805961 : 0 4.4 1.14268
1769806261 : 0 4 1.05436
1769806262 : 0 4 1.05436
1769806561 : 0 4 1.05138
1769806861 : 0 4.8 1.25394
1769806862 : 0 4.8 1.25394
1769807161 : 0 5.2 1.37648
1769807461 : 0 4.7 1.22441
1769807761 : 0 4.2 1.0897
1769807762 : 0 4.2 1.0897
1769808061 : 0 4.1 1.07074
1769808361 : 0 4 1.02869
1769808661 : 0 4 1.05344
1769808961 : 0 3.9 1.0111
1769808962 : 0 3.9 1.0111
1769809261 : 0 3.8 0.989951
1769809561 : 0 3.8 0.975531
1769809861 : 0 3.9 1.00354
1769809862 : 0 3.9 1.00354
1769810161 : 0 4 1.04083
1769810461 : 0 4.1 1.07811
1769810462 : 0 4.1 1.07811
1769810761 : 0 4.2 1.09648
1769811061 : 0 4.3 1.11691
1769811361 : 0 5.2 1.36543
1769811661 : 0 5 1.29786
1769811961 : 0 4.7 1.21875
1769812261 : 0 4.4 1.14826
1769812561 : 0 4.2 1.09253
1769812562 : 0 4.2 1.09253
1769812861 : 0 4.2 1.10709
1769813161 : 0 4.4 1.14315
1769813162 : 0 4.4 1.14315
1769813461 : 0 4.2 1.09358
1769813761 : 0 4.1 1.07642
1769813762 : 0 4.1 1.07642
1769814062 : 0 4.1 1.07295
1769814361 : 0 4.1 1.05998
1769814661 : 0 4.1 1.06577
1769814662 : 0 4.1 1.06577
1769814962 : 0 4 1.04914
1769815261 : 0 4.1 1.0716
1769815561 : 0 4.5 1.18175
1769815861 : 0 4.5 1.16569
1769815862 : 0 4.5 1.16569
1769816161 : 0 4.3 1.136
1769816461 : 0 5 1.31612
1769816761 : 0 6.2 1.62594
1769817061 : 0 6.2 1.63958
1769817361 : 0 5.3 1.39452
1769817661 : 0 4.8 1.24488
1769817662 : 0 4.8 1.24488
1769817961 : 0 4.8 1.2596
1769818261 : 0 5.7 1.49769
1769818561 : 0 6.2 1.64012
1769818562 : 0 6.2 1.64012
1769818861 : 0 5.7 1.48963
1769819161 : 0 5.2 1.34936
1769819461 : 0 4.8 1.25949
1769819462 : 0 4.8 1.25949
1769819761 : 0 4.6 1.20427
1769820061 : 0 4.5 1.17753
1769820361 : 0 4.8 1.25244
1769820661 : 0 5.4 1.43542
1769820961 : 0 6.6 1.72991
1769821261 : 0 7 1.84698
1769821561 : 0 7.1 1.87454
1769821861 : 0 6.6 1.7452
1769822161 : 0 6.1 1.59827
1769822461 : 0 5.6 1.46723
1769822761 : 0 5.4 1.4163
1769822762 : 0 5.4 1.4163
1769823061 : 0 5.4 1.42319
1769823361 : 0 5.9 1.5324
1769823661 : 0 6.9 1.79425
1769823961 : 0 6.8 1.77812
1769824261 : 0 7.8 2.04528
1769824561 : 0 7 1.83427
1769824861 : 0 6.6 1.73895
1769824862 : 0 6.6 1.73895
1769825161 : 0 6.5 1.70141
1769825461 : 0 6.2 1.62932
1769825761 : 0 5.9 1.54699
1769825762 : 0 5.9 1.54699
1769826061 : 0 5.5 1.44365
1769826361 : 0 6.1 1.61037
1769826661 : 0 6.1 1.61827
1769826961 : 0 6.1 1.6028
1769827261 : 0 6.4 1.66478
1769827561 : 0 6.5 1.70284
1769827861 : 0 6.5 1.69285
1769828161 : 0 8.1 2.11911
1769828162 : 0 8.1 2.11911
1769828462 : 0 9.3 2.44059
1769828761 : 0 9.8 2.57681
1769829061 : 0 8.6 2.25695
1769829361 : 0 8.3 2.1682
1769829661 : 0 9.2 2.41479
1769829662 : 0 9.2 2.41479
1769829961 : 0 8.7 2.27528
1769830261 : 0 7.8 2.05501
1769830262 : 0 7.8 2.05501
1769830562 : 0 7 1.84674
1769830862 : 0 6.5 1.72774
1769831161 : 0 6.5 1.72744
1769831461 : 0 6.6 1.72946
1769831761 : 0 7 1.8503
1769832061 : 0 7.5 1.96507
1769832361 : 0 6.7 1.76931
1769832362 : 0 6.7 1.76931
1769832661 : 0 6 1.59725
1769832961 : 0 6 1.57457
1769832962 : 0 6 1.57457
1769833261 : 0 5.9 1.54654
1769833561 : 0 5.6 1.47751
1769833562 : 0 5.6 1.47751
1769833861 : 0 5.8 1.52144
1769834161 : 0 7.2 1.87836
1769834162 : 0 7.2 1.87836
1769834461 : 0 10.7 2.8313
1769834761 : 0 11.9 3.07262
1769835061 : 0 10.7 2.77135
1769835361 : 0 10.7 2.74231
1769835661 : 0 11.3 2.95799
1769835961 : 0 11.9 3.14741
1769836261 : 0 11.9 3.19963
1769836561 : 0 13.1 3.36977
1769836562 : 0 13.1 3.36977
1769836861 : 0 12.5 3.22793
1769837161 : 0 11.9 3.17441
1769837461 : 0 11.9 3.064
1769837761 : 0 11.3 2.98733
1769838061 : 0 10.7 2.87704
1769838062 : 0 10.7 2.87704
1769838361 : 0 10.7 2.84395
1769838661 : 0 10.7 2.82873
1769838961 : 0 10.7 2.71943
1769839261 : 0 10 2.66268
1769839561 : 0 9.9 2.61179
1769839861 : 0 9.9 2.60638
1769840161 : 0 9.9 2.61412
1769840461 : 0 10 2.64619
1769840761 : 0 9.8 2.57263
1769841061 : 0 9.7 2.53569
1769841361 : 0 9.5 2.48372
1769841362 : 0 9.5 2.48372
1769841661 : 0 9.1 2.38937
1769841961 : 0 8.5 2.24909
1769842261 : 0 8.4 2.20107
1769842561 : 0 8.2 2.14311
1769842861 : 0 8.4 2.19591
1769843161 : 0 8.6 2.26436
1769843461 : 0 8.8 2.31685
1769843761 : 0 9.8 2.57496
1769844061 : 0 9 2.34753
1769844361 : 0 8.6 2.25814
1769844661 : 0 8.5 2.24558
1769844961 : 0 8 2.07801
1769845261 : 0 7.8 2.04798
1769845561 : 0 7.7 2.0191
1769845861 : 0 7.2 1.89285
1769846161 : 0 7.3 1.89704
1769846461 : 0 6.9 1.80133
1769846761 : 0 6.5 1.72663
1769847061 : 0 6.4 1.6682
1769847361 : 0 6.3 1.64796
1769847661 : 0 6.1 1.60295
1769847961 : 0 6 1.57986
1769848261 : 0 6.3 1.65389
1769848561 : 0 7.1 1.87625
1769848861 : 0 8.8 2.32156
1769849161 : 0 9.9 2.5977
1769849461 : 0 10.7 2.7794
1769849761 : 0 9 2.37917
1769849762 : 0 9 2.37917
1769850061 : 0 7.9 2.07285
1769850361 : 0 7.3 1.90685
1769850661 : 0 6.5 1.72781
1769850961 : 0 6.3 1.66165
1769851261 : 0 6.3 1.66215
1769851262 : 0 6.3 1.66215
1769851562 : 0 6.5 1.71585
1769851861 : 0 6.9 1.79601
1769852161 : 0 6.5 1.6894
1769852162 : 0 6.5 1.6894
1769852461 : 0 6.5 1.72378
1769852761 : 0 6.5 1.6899
1769852762 : 0 6.5 1.6899
1769853061 : 0 6.4 1.68521
1769853361 : 0 6.4 1.67817
1769853362 : 0 6.4 1.67817
1769853661 : 0 6.3 1.64485
1769853961 : 0 6.4 1.67311
1769854261 : 0 6 1.56725
1769854561 : 0 5.6 1.46878
1769854861 : 0 5.5 1.45037
1769855161 : 0 5.7 1.49211
1769855162 : 0 5.7 1.49211
1769855461 : 0 5.7 1.50237
1769855761 : 0 6.3 1.64991
1769856061 : 0 6.7 1.76741
1769856361 : 0 7.9 2.065
1769856661 : 0 10.7 2.85193
1769856662 : 0 10.7 2.85193
1769856962 : 0 13.1 3.40625
1769857261 : 0 11.3 2.99746
1769857561 : 0 10.7 2.7237
1769857562 : 0 10.7 2.7237
1769857861 : 0 9.8 2.56409
1769858161 : 0 9.4 2.46858
1769858461 : 0 9.3 2.43037
1769858462 : 0 9.3 2.43037
1769858761 : 0 9.8 2.56662
1769859061 : 0 8.3 2.16084
1769859361 : 0 7.7 2.03379
1769859661 : 0 7.6 1.98773
1769859961 : 0 7.3 1.93007
1769860261 : 0 7.3 1.90662
1769860561 : 0 7 1.84853
1769860861 : 0 7.2 1.88922
1769861161 : 0 7.8 2.03879
1769861461 : 0 8.3 2.16162
1769861761 : 0 9.1 2.39854
1769862061 : 0 9.7 2.54114
1769862361 : 0 10 2.67041
1769862661 : 0 10.7 2.72785
1769862961 : 0 10.7 2.73342
1769863261 : 0 10 2.63181
1769863262 : 0 10 2.63181
1769863561 : 0 9.7 2.55496
1769863861 : 0 9.8 2.56626
1769863862 : 0 9.8 2.56626
1769864161 : 0 10 2.66575
1769864461 : 0 10 2.68496
1769864761 : 0 11.9 3.05505
1769865061 : 0 9.9 2.59675
1769865361 : 0 9 2.38053
1769865362 : 0 9 2.38053
1769865661 : 0 8.8 2.31589
1769865961 : 0 8.5 2.21946
1769866261 : 0 9 2.36838
1769866262 : 0 9 2.36838
1769866561 : 0 8.8 2.30635
1769866861 : 0 8.4 2.20879
1769866862 : 0 8.4 2.20879
1769867161 : 0 7.7 2.03453
1769867461 : 0 7.6 1.98595
1769867761 : 0 9.9 2.60454
1769867762 : 0 9.9 2.60454
1769868061 : 0 9.1 2.39748
1769868361 : 0 8.8 2.30843
1769868661 : 0 9.7 2.55786
1769868961 : 0 9.9 2.57963
1769868962 : 0 9.9 2.57963
1769869261 : 0 9.5 2.50549
1769869561 : 0 8.9 2.32964
1769869562 : 0 8.9 2.32964
1769869861 : 0 8.8 2.29791
1769870161 : 0 9.5 2.50667
1769870461 : 0 9.3 2.45054
1769870761 : 0 8.8 2.29757
1769871061 : 0 8.8 2.31095
1769871361 : 0 10 2.6988
1769871661 : 0 10.7 2.76044
1769871662 : 0 10.7 2.76044
1769871962 : 0 11.3 2.96354
1769872261 : 0 11.9 3.11679
1769872561 : 0 11.9 3.09841
1769872861 : 0 11.3 3.02105
1769873161 : 0 10.7 2.84809
1769873162 : 0 10.7 2.84809
1769873461 : 0 10.7 2.73952
1769873761 : 0 10 2.65126
1769874061 : 0 9.8 2.57427
1769874062 : 0 9.8 2.57427
1769874362 : 0 9 2.3604
1769874662 : 0 8.4 2.21263
1769874961 : 0 8.4 2.20626
1769875261 : 0 8.2 2.14906
1769875262 : 0 8.2 2.14906
1769875561 : 0 10 2.62541
1769875861 : 0 8.8 2.29016
1769876161 : 0 8.3 2.17074
1769876461 : 0 7.9 2.06728
1769876761 : 0 7.6 1.99449
1769877061 : 0 9.5 2.49335
1769877361 : 0 9 2.37264
1769877661 : 0 8.5 2.23019
1769877961 : 0 7.7 2.03012
1769878261 : 0 7.1 1.87136
1769878561 : 0 7 1.84315
1769878861 : 0 6.9 1.80596
1769879161 : 0 6.8 1.77219
1769879461 : 0 6.5 1.72891
1769879761 : 0 6.7 1.75664
1769879762 : 0 6.7 1.75664
1769880062 : 0 6.7 1.76381
1769880361 : 0 6.8 1.7782
1769880661 : 0 7.8 2.04379
1769880961 : 0 9.3 2.44735
1769881261 : 0 9.6 2.52274
1769881561 : 0 9.8 2.57912
1769881861 : 0 9.7 2.54414
1769882161 : 0 9.6 2.51128
1769882461 : 0 9.6 2.52257
1769882462 : 0 9.6 2.52257
1769882762 : 0 10.7 2.7987
1769883061 : 0 10 2.66167
1769883361 : 0 9.7 2.54575
1769883661 : 0 9.2 2.40368
1769883961 : 0 8.8 2.30528
1769884261 : 0 10 2.634
1769884561 : 0 13.7 3.52333
1769884861 : 0 13.1 3.40315
1769885161 : 0 10.7 2.86422
1769885461 : 0 9.3 2.43143
1769885761 : 0 9.3 2.43596
1769886061 : 0 9.5 2.50512
1769886361 : 0 9.2 2.41548
1769886362 : 0 9.2 2.41548
1769886662 : 0 8.8 2.29236
1769886961 : 0 9.1 2.39619
1769887261 : 0 13.1 3.37858
1769887262 : 0 13.1 3.37858
1769887561 : 0 13.7 3.60602
1769887861 : 0 12.5 3.25678
1769888161 : 0 11.3 2.95072
1769888162 : 0 11.3 2.95072
1769888461 : 0 10 2.66504
1769888761 : 0 9.7 2.54772
1769888762 : 0 9.7 2.54772
1769889061 : 0 9.7 2.55705
1769889361 : 0 9.5 2.4858
1769889661 : 0 9.6 2.51933
1769889662 : 0 9.6 2.51933
1769889962 : 0 9.7 2.53498
1769890261 : 0 9.4 2.46004
1769890561 : 0 9.6 2.5244
1769890861 : 0 10 2.65228
1769891161 : 0 10.7 2.80321
1769891162 : 0 10.7 2.80321
1769891462 : 0 11.9 3.06763
1769891761 : 0 12.5 3.27625
1769892061 : 0 11.9 3.16852
1769892361 : 0 11.3 2.95502
1769892661 : 0 10.7 2.75694
1769892961 : 0 9.9 2.58862
1769893261 : 0 9.5 2.47416
1769893561 : 0 9 2.37658
1769893562 : 0 9 2.37658
1769893861 : 0 9 2.37081
1769894161 : 0 8.8 2.29954
