ACS3
1 59588U 24077B   26031.46626307  .00019223  00000+0  15984-1 0  9995
2 59588  97.2269 340.9437 0046174 197.3719 162.5866 13.88038757 89035
AO-7
1 07530U 74089B   26031.47310385 -.00000026  00000+0  12986-3 0  9993
2 07530 101.9969  43.2643 0012310  33.2534 135.6110 12.53695533343381
AO-27
1 22825U 93061C   26031.43669301  .00000148  00000+0  73208-4 0  9998
2 22825  98.7063  98.8037 0009140 136.8815 223.3084 14.30899500687445
AO-73
1 39444U 13066AE  26031.40442615  .00009767  00000+0  64435-3 0  9991
2 39444  97.8112   0.3487 0036623 310.9366  48.8692 15.07120083659042
AO-95
1 43770U 18099N   26031.14903307  .00011449  00000+0  48368-3 0  9997
2 43770  97.4600  92.0927 0010644 108.6615 251.5778 15.23358778392334
AO-123
1 61781U 24199AY  26031.55616795  .00009755  00000+0  30496-3 0  9994
2 61781  97.3213 261.4921 0016044  78.8596 281.4450 15.33232893112976
CAS-9
1 50466U 21131B   26031.50018655  .00001051  00000+0  33920-3 0  9997
2 50466  98.5005 124.6640 0004913 138.8408 221.3153 14.41199820215422
CO-55
1 27844U 03031E   26031.47062122  .00000427  00000+0  20419-3 0  9999
2 27844  98.6771  41.7355 0008894 217.6750 142.3806 14.24232579172213
CO-65
1 32785U 08021C   26031.49073847  .00006639  00000+0  43748-3 0  9992
2 32785  97.8136  10.3290 0010530 126.8559 233.3635 15.07804297964581
FO-29
1 24278U 96046B   26031.23670492  .00000005  00000+0  37466-4 0  9997
2 24278  98.5429 258.7139 0350906  91.7489 272.3870 13.53266123454642
FOX-1B
1 43017U 17073E   26031.36430985  .00008167  00000+0  37366-3 0  9992
2 43017  97.4918 261.4588 0159663  80.1522 281.7692 15.10031621444723
GO-32
1 25397U 98043D   26031.44031352  .00000109  00000+0  67123-4 0  9996
2 25397  98.9975  20.8142 0000446 206.2865 153.8290 14.24394752431866
HADES-R
1 62690U 25009CK  26031.19182553  .02142076  40381-2  28785-2 0  9997
2 62690  97.3614 121.7643 0008610 298.2732  61.7681 16.07490824 58550
HOPE-1
1 36122U 09072B   26031.52129112  .00000192  00000+0  61833-3 0  9992
2 36122 100.3842 347.6491 0007390 181.5940 178.5151 13.16435894775028
ISAT
1 43879U 18111D   26031.31495299  .00044068  00000+0  88013-3 0  9991
2 43879  97.5911 318.1674 0009215  82.2911 277.9384 15.46654712389893
ISS
1 25544U 98067A   26031.40331722  .00007093  00000+0  13993-3 0  9990
2 25544  51.6321 256.6752 0011101  49.6310 310.5645 15.48303150550554
JO-97
1 43803U 18099AX  26031.13484178  .00015918  00000+0  56982-3 0  9999
2 43803  97.4344  93.8364 0006950  45.9855 314.1956 15.28833096392659
JPSS-1
1 43013U 17073A   26031.47111225  .00000083  00000+0  60424-4 0  9994
2 43013  98.7651 332.2379 0000685  17.8492 342.2708 14.19525557425076
LILACSAT
1 40908U 15049K   26031.52291176  .00016418  00000+0  33099-3 0  9991
2 40908  97.4860  63.4878 0008705  40.1207 320.0683 15.46592105574597
LO-19
1 20442U 90005G   26031.01452223  .00000205  00000+0  90248-4 0  9990
2 20442  98.8948  48.9738 0010618 246.3809 113.6260 14.34070931882736
LO-74
1 39440U 13066AA  26031.36019108  .00003653  00000+0  34912-3 0  9994
2 39440  97.8762 340.0032 0060473 119.9521 240.7720 14.92508222656577
Moon
1     1U     1A   26031.68547454  .00000000  00000-0  0000000 0  0010
2     1  28.2870 356.3303 0464000 118.3991   0.1103  0.03660000    10
NO-44
1 26931U 01043C   26030.98009559  .00000194  00000+0  10332-3 0  9990
2 26931  67.0488 239.1373 0007086 266.7364  93.2927 14.31889348270807
PO-101
1 43678U 18084H   26031.49587196  .00002824  00000+0  23356-3 0  9997
2 43678  98.1081 222.0022 0007803 243.9901 116.0518 14.99778391395729
QO-100
1 43700U 18090A   26031.49722088  .00000136  00000+0  00000+0 0  9992
2 43700   0.0146  89.1334 0002239 259.5638 346.7774  1.00271990 26307
ROBUSTA-
1 60243U 24128J   26031.24196864  .00010167  00000+0  62579-3 0  9990
2 60243  61.9889 331.7089 0054629 100.7716 259.9535 15.09286194 85733
RS30
1 32953U 08025A   26031.52677049 -.00000023  00000+0 -23526-3 0  9996
2 32953  82.5008  80.4551 0018378 247.8345 112.0784 12.43173972802710
RS38S
1 57189U 23091Z   26031.53337120  .00015915  00000+0  52799-3 0  9996
2 57189  97.5284  98.6377 0007821 189.9294 170.1793 15.31304563143745
RS-44
1 44909U 19096E   26031.19027056  .00000034  00000+0  83662-4 0  9998
2 44909  82.5178  70.7457 0218603 104.6429 257.9017 12.79746748284825
SO-50
1 27607U 02058C   26031.45364853  .00001742  00000+0  22402-3 0  9993
2 27607  64.5519 191.9174 0074155 287.4059  71.8948 14.82625687244188
SONATE-2
1 59112U 24043Q   26031.34095243  .00030403  00000+0  57214-3 0  9994
2 59112  97.5350 174.5733 0008268 348.8908  11.2158 15.48464793106649
SPARROW
1 43881U 18111F   26031.34645541  .00051151  00000+0  92191-3 0  9997
2 43881  97.6105 322.2837 0007743 104.0420 256.1692 15.49594866390036
STRAND-1
1 39090U 13009E   26031.45372619  .00000450  00000+0  16601-3 0  9998
2 39090  98.3850 215.0780 0007592 281.0668  78.9665 14.37058912677420
SWISSCUB
1 35932U 09051B   26031.18291580  .00001541  00000+0  31611-3 0  9998
2 35932  98.4135 296.6548 0005604 283.8019  76.2557 14.62144722869132
TECHNOSA
1 42829U 17042E   26031.43916096  .00004152  00000+0  30440-3 0  9994
2 42829  97.4088 194.5318 0017527 195.1942 164.8760 15.03916983466145
TIANHE
1 48274U 21035A   26030.17114424  .00032690  00000+0  37481-3 0  9996
2 48274  41.4674  82.2287 0009086  36.5911 323.5548 15.61350410271590
UKUBE-1
1 40074U 14037F   26031.47542431  .00008290  00000+0  50151-3 0  9995
2 40074  98.4180  20.6916 0000553  93.0520 267.0771 15.10938012627895
UMKA_1
1 57172U 23091G   26031.49190720  .00006804  00000+0  32773-3 0  9993
2 57172  97.5266  90.7486 0012130 232.4273 127.5861 15.19010300143247
UNISAT-6
1 40012U 14033C   26031.40623980  .00003788  00000+0  41775-3 0  9994
2 40012  97.7657 186.7627 0046220 158.1428 202.1773 14.87305040625827
UO-11
1 14781U 84021B   26031.48028006  .00001435  00000+0  15323-3 0  9995
2 14781  97.7878 358.7626 0006061 279.0347  81.0185 14.90359410236764
