1769804160 1.38 489.9
1769804220 2.5 503.5
1769804280 2.01 499.7
1769804340 1.82 493.8
1769804400 1.64 489.1
1769804460 2.07 502.8
1769804520 1.63 494.1
1769804580 1.15 482.3
1769804640 2.09 498.4
1769804700 1.78 491
1769804760 1.71 493.9
1769804820 1.14 482.8
1769804880 1.94 496.4
1769804940 2.33 505.2
1769805000 1.95 498.3
1769805060 1.81 496.1
1769805120 1.85 499
1769805180 1.8 497.2
1769805240 1.68 493.5
1769805300 2.04 507.1
1769805360 1.95 505.2
1769805420 1.02 484
1769805480 1.98 512
1769805540 0.92 475.1
1769805600 1.92 503.4
1769805660 2.25 506.5
1769805720 2 499.5
1769805780 2.13 503.1
1769805840 1.69 501.2
1769805900 1.52 497
1769805960 1.77 495.1
1769806020 2.05 498.4
1769806080 2.16 501.8
1769806140 1.94 497.5
1769806200 1.88 498
1769806260 1.79 497.6
1769806320 2.13 513.3
1769806380 2.1 506.1
1769806440 1.8 502.2
1769806500 2.25 502.5
1769806560 1.76 489.2
1769806620 1.76 495.8
1769806680 1.82 496.9
1769806740 2.41 506.5
1769806800 2.09 500.3
1769806860 1.93 497.4
1769806920 2 497
1769806980 2.19 496
1769807040 2.53 499.6
1769807100 2.2 497
1769807160 1.73 491.9
1769807220 1.77 493.1
1769807280 1.72 492.9
1769807340 1.71 492.7
1769807400 1.3 486
1769807460 2.42 500.2
1769807520 1.69 488.6
1769807580 2.1 490
1769807640 1.16 483
1769807700 1.8 492.3
1769807760 2.2 496.7
1769807820 1.75 488.1
1769807880 1.6 485.9
1769807940 1.88 491
1769808000 1.84 490.6
1769808060 1.29 486.7
1769808120 0.86 484.2
1769808180 2.03 490.8
1769808240 2.25 492.3
1769808300 1.97 494.6
1769808360 1.32 485.9
1769808420 2.37 496.9
1769808480 2.1 497.1
1769808540 1.66 487.8
1769808600 1.75 497.9
1769808660 2 500.4
1769808720 1.88 498.7
1769808780 1.62 487.1
1769808840 1.4 488.8
1769808900 1.31 496.7
1769808960 1.66 498.1
1769809020 2 504.6
1769809080 1.59 493
1769809140 1.88 499.2
1769809200 1.98 501.7
1769809320 2.17 513.5
1769809380 1.78 502.4
1769809440 1.66 504.2
1769809500 0.86 481
1769809560 1.53 494.4
1769809620 2.16 503.7
1769809680 1.91 500.7
1769809740 1.82 503.3
1769809800 1.91 504.2
1769809860 1.77 500
1769809920 1.35 492.1
1769809980 1.31 485.1
1769810040 2.44 501.1
1769810100 1.84 498.9
1769810160 1.88 497.1
1769810220 1.02 479
1769810280 2.69 509.9
1769810400 2.04 491.8
1769810460 2.13 490.9
1769810520 2.3 497.7
1769810580 2.09 493.6
1769810640 1.29 486.6
1769810700 1.03 495.4
1769810760 1.16 501.5
1769810820 1.22 499.5
1769810880 1.2 495.4
1769810940 1.3 487.5
1769811000 1.91 498.1
1769811060 1.61 505.4
1769811120 1.62 501.1
1769811180 1.89 488.4
1769811300 1.8 493.4
1769811360 0.96 473.9
1769811420 2.53 495.6
1769811480 2.13 487.6
1769811540 2.08 486.9
1769811600 1.42 480.3
1769811660 1.47 482.2
1769811720 2.14 491.4
1769811780 2.17 491.8
1769811840 1.92 488.2
1769811900 2.05 489.3
1769811960 1.95 487.8
1769812020 1.7 486.9
1769812080 0.8 475.2
1769812140 3 498.8
1769812200 1.94 485.7
1769812260 2.2 486.6
1769812320 1.35 480.3
1769812380 2.41 490.2
1769812440 2.28 489
1769812500 1.98 483
1769812560 1.89 483.2
1769812620 1.96 483.5
1769812680 1.79 482.8
1769812740 1.73 482.8
1769812800 1.99 482.7
1769812860 2.02 483.4
1769812920 2.04 482.8
1769812980 1.98 482.9
1769813040 2.05 482
1769813100 1.96 483.7
1769813160 1.94 483.2
1769813280 1.96 485.4
1769813340 1.93 484.1
1769813400 1.83 488.1
1769813460 1.93 488.9
1769813520 2.03 488.3
1769813580 2.04 488.9
1769813640 2 489.4
1769813700 2.05 489.3
1769813760 2.1 488.6
1769813820 2.03 486.8
1769813880 2 486.6
1769813940 2 487.5
1769814000 1.96 487.8
1769814060 1.97 488.3
1769814120 1.85 488.3
1769814180 1.88 488.1
1769814240 2.02 485.9
1769814300 1.92 487.2
1769814360 1.98 486.9
1769814420 1.88 488.6
1769814480 1.65 492.2
1769814540 1.66 491.8
1769814600 1.7 490.6
1769814660 1.73 490.5
1769814720 1.85 489.1
1769814780 1.8 488.3
1769814840 1.64 489
1769814900 1.69 488.3
1769814960 1.62 489.6
1769815020 1.78 488.3
1769815080 1.65 487.7
1769815140 1.76 487.3
1769815200 1.77 487.3
1769815260 1.79 486.9
1769815320 1.75 489.3
1769815380 1.77 490.1
1769815440 1.84 488.9
1769815500 1.68 489.5
1769815560 1.67 489.6
1769815620 1.71 489.2
1769815680 1.62 489.8
1769815740 1.77 488.6
1769815800 1.73 489.3
1769815860 1.62 492
1769815920 1.54 492.4
1769815980 1.95 487.8
1769816040 2.01 488.9
1769816100 1.41 497.4
1769816160 1.25 510.9
1769816220 1.09 517.6
1769816280 1.09 515.3
1769816340 1.12 514.5
1769816400 1.09 517.9
1769816460 1.11 513.6
1769816520 1.44 498.5
1769816580 1.82 488.5
1769816640 1.83 487.5
1769816700 1.79 481.7
1769816760 2.03 477.1
1769816820 1.88 477.5
1769816880 1.86 480.7
1769816940 1.76 482.2
1769817000 1.9 483.2
1769817060 1.9 486.5
1769817120 1.84 490.1
1769817180 1.84 490.6
1769817240 2.11 488.5
1769817300 2.12 485.4
1769817360 1.78 484.6
1769817420 1.8 481.5
1769817480 1.93 478.6
1769817540 1.94 477.4
1769817600 1.99 476.1
1769817660 1.93 475.8
1769817720 2.02 474.9
1769817780 1.92 476.6
1769817840 2.04 476
1769817900 1.85 476.5
1769817960 1.98 476.4
1769818020 1.88 478.1
1769818080 1.69 476.8
1769818140 1.83 475.8
1769818200 2.02 474
1769818260 2.01 475.7
1769818320 2.08 475.9
1769818380 2.05 475.3
1769818440 2.04 474.8
1769818500 2.05 474.9
1769818560 2.04 475.8
1769818620 2.14 476.5
1769818680 2.08 477.1
1769818740 1.98 474.4
1769818800 1.46 477.6
1769818860 1.96 474.1
1769818920 1.86 474.8
1769818980 1.96 474.7
1769819040 1.88 474.5
1769819100 1.98 472.4
1769819160 2 471.9
1769819220 2.03 471.6
1769819280 1.94 471.8
1769819340 2 471.9
1769819400 2.04 472.4
1769819460 1.86 472.4
1769819520 1.76 471.8
1769819580 1.94 471.4
1769819640 2.06 470.6
1769819700 1.92 471.9
1769819760 2.04 470.8
1769819820 1.89 470.8
1769819880 2.06 470.3
1769819940 1.82 471.3
1769820000 2.04 470.7
1769820060 1.94 471.2
1769820120 2.01 470.3
1769820180 1.85 470.8
1769820240 1.98 470.4
1769820300 1.99 469.5
1769820360 2 469.2
1769820420 2.07 470.7
1769820480 2.06 472.8
1769820540 2.11 473.1
1769820600 2 473.3
1769820660 2.09 471.2
1769820720 2.04 473.3
1769820780 1.95 471.5
1769820840 1.92 471
1769820900 2.06 472
1769820960 1.88 473.8
1769821020 1.91 472
1769821080 1.9 471.6
1769821140 1.89 471.5
1769821200 1.96 469.2
1769821260 1.87 469.5
1769821320 1.89 468.7
1769821380 1.94 468.3
1769821440 1.97 469
1769821500 2.04 470
1769821560 1.87 472.2
1769821620 1.94 470.1
1769821680 1.91 471.6
1769821740 1.93 469.7
1769821800 1.82 470.1
1769821860 2.03 467.7
1769821920 1.91 467.3
1769821980 2 468.1
1769822040 1.78 467.9
1769822100 1.93 467.8
1769822160 1.96 467.6
1769822220 2.01 467.6
1769822280 1.99 468.6
1769822340 1.93 469.5
1769822400 1.93 469.5
1769822460 1.88 469.3
1769822520 1.96 469.2
1769822580 1.84 470.6
1769822640 1.89 470.4
1769822700 1.75 471.1
1769822760 1.61 469.5
1769822820 1.84 469.8
1769822880 2.02 467.5
1769822940 1.92 468
1769823000 1.94 467.1
1769823060 1.87 467.2
1769823120 1.83 467.4
1769823180 1.98 466.9
1769823240 1.91 467
1769823300 1.88 467.1
1769823360 1.87 467
1769823420 1.71 467.1
1769823480 1.67 468.2
1769823540 1.88 467.4
1769823600 1.92 467.7
1769823660 1.85 467.4
1769823720 2.03 466.8
1769823780 1.93 470.1
1769823840 2.05 468.2
1769823900 1.78 468.6
1769823960 1.9 468.7
1769824020 1.93 468.8
1769824080 1.99 469.4
1769824140 1.83 469.9
1769824200 1.84 468.4
1769824260 1.93 468.3
1769824320 1.9 469.1
1769824380 2.03 466.6
1769824440 1.91 466.7
1769824500 1.99 466.8
1769824560 1.89 465.6
1769824620 1.95 467.7
1769824680 1.82 466.5
1769824740 1.93 466.2
1769824800 1.85 467.4
1769824860 1.87 470.2
1769824920 1.95 469.6
1769824980 2.1 469.1
1769825040 1.97 470
1769825100 1.85 470.6
1769825160 2.12 468.4
1769825220 2.06 468.1
1769825280 1.95 467.2
1769825340 1.92 466.7
1769825400 1.95 468.3
1769825460 1.92 469.5
1769825520 1.84 467.5
1769825580 1.78 468.1
1769825640 1.91 468.7
1769825700 2.09 467.6
1769825760 1.88 468.6
1769825820 1.84 469.2
1769825880 1.8 469.2
1769825940 1.76 470.3
1769826000 1.73 468
1769826060 1.9 467.3
1769826120 1.93 468.9
1769826180 1.83 469.6
1769826240 1.81 469.5
1769826300 1.75 469.7
1769826360 1.75 470
1769826420 1.67 470.2
1769826480 1.7 469.9
1769826540 1.57 472.9
1769826600 1.76 469.3
1769826660 1.47 472.2
1769826720 1.3 472.8
1769826780 1.26 475.3
1769826840 1.72 469
1769826900 1.79 467.1
1769826960 1.62 469
1769827020 1.73 467.5
1769827080 1.89 465.3
1769827140 1.97 464.9
1769827200 1.9 464.8
1769827260 1.81 464.4
1769827320 1.89 464
1769827380 1.79 464.5
1769827440 1.62 463.2
1769827500 1.27 465.5
1769827560 2.01 464.7
1769827620 1.91 463.9
1769827680 2.07 464.1
1769827740 1.95 465.9
1769827800 1.94 466.4
1769827860 1.91 469.8
1769827920 1.9 468.2
1769827980 1.88 465.7
1769828040 1.88 465.5
1769828100 1.84 465.8
1769828160 1.83 467.2
1769828220 1.92 468.5
1769828280 1.86 465.3
1769828340 1.87 463.5
1769828400 1.82 463.1
1769828460 1.95 462.8
1769828520 1.75 461.5
1769828580 1.86 462.3
1769828640 1.82 461.5
1769828700 1.89 461.4
1769828760 1.92 461
1769828820 1.72 463.6
1769828880 1.8 463.2
1769828940 1.89 462.1
1769829000 1.85 461.6
1769829060 1.84 461.1
1769829120 1.86 460.9
1769829180 1.87 460.7
1769829240 1.85 461.5
1769829300 1.77 466.2
1769829360 1.76 462.8
1769829420 1.96 462.5
1769829480 1.75 459
1769829540 1.58 461.8
1769829600 1.79 460
1769829660 1.83 460.5
1769829720 1.81 460.3
1769829780 1.9 460.8
1769829840 1.89 460
1769829900 1.87 459.8
1769829960 1.82 460.1
1769830020 1.85 460.3
1769830080 1.92 460.5
1769830140 1.87 460.4
1769830200 1.87 461.1
1769830260 1.65 461.4
1769830320 1.8 460.9
1769830380 1.79 459.9
1769830440 1.85 461.6
1769830500 1.84 461.5
1769830560 1.98 462.8
1769830620 1.86 460.7
1769830680 1.9 460
1769830740 1.85 459.4
1769830800 1.85 459.8
1769830860 1.86 460.4
1769830920 1.74 461
1769830980 1.66 460.2
1769831040 1.72 458.2
1769831160 1.74 459
1769831220 1.75 459.2
1769831280 1.83 460.1
1769831340 1.79 459.9
1769831400 1.46 461
1769831460 1.72 460.3
1769831520 1.84 461.5
1769831580 1.8 459.5
1769831640 1.89 460.5
1769831700 1.9 461
1769831760 1.88 460.9
1769831820 1.85 460.5
1769831880 1.91 461
1769832000 1.97 461.8
1769832060 1.86 461.3
1769832120 1.67 460.4
1769832180 1.99 462
1769832240 1.91 461.2
1769832300 2.04 462.2
1769832360 1.87 461
1769832420 1.84 461.5
1769832480 1.76 459.5
1769832540 1.91 461
1769832600 1.9 459.2
1769832660 1.94 459.5
1769832720 1.92 461.1
1769832780 1.76 460.3
1769832840 1.77 459.8
1769832900 1.83 461.4
1769832960 1.82 462.1
1769833020 1.95 461.2
1769833080 1.94 464.3
1769833140 1.95 464.1
1769833200 2.01 463.3
1769833260 1.85 460.8
1769833320 1.79 461.4
1769833380 1.97 461
1769833440 2.06 459.3
1769833500 1.62 460.9
1769833560 1.93 460
1769833620 1.87 458.9
1769833680 1.89 459.1
1769833740 1.99 459.3
1769833800 1.97 459.7
1769833860 1.92 459.1
1769833920 1.96 457.6
1769833980 2.01 458.3
1769834040 1.97 458.9
1769834100 2.06 457.7
1769834160 1.92 459.3
1769834220 1.76 460.5
1769834280 1.83 457.9
1769834340 1.95 459.4
1769834400 1.84 461.9
1769834460 1.95 461.6
1769834520 1.68 466.7
1769834580 1.89 466.6
1769834640 1.64 465.1
1769834700 1.54 461.9
1769834760 1.64 464.7
1769834820 1.61 470
1769834880 1.62 468.5
1769834940 1.83 465.7
1769835000 2.22 464.6
1769835060 2.21 464.1
1769835120 2.19 464.3
1769835180 1.91 466.6
1769835240 2.25 464.1
1769835300 2.07 466.4
1769835360 2.14 465.4
1769835420 1.55 471.6
1769835480 1.7 467
1769835540 1.6 468.7
1769835600 1.71 469.3
1769835660 1.91 466.9
1769835720 1.87 467.8
1769835780 1.86 466.9
1769835840 2.17 468.9
1769835900 2.22 476.7
1769835960 1.65 465.4
1769836020 1.96 467
1769836080 1.58 465.1
1769836140 2.31 462.2
1769836200 2.12 458.9
1769836260 2.11 459.4
1769836320 1.95 461.3
1769836380 2.1 458.6
1769836440 2.13 456.6
1769836500 1.83 464.8
1769836560 1.89 477.3
1769836620 2.19 474.4
1769836680 2.24 466.9
1769836740 2.05 465.4
1769836800 1.94 464.4
1769836860 1.9 469.5
1769836920 1.74 482
1769836980 1.52 479.5
1769837040 2.19 465
1769837100 2.19 465
1769837160 1.97 468
1769837220 1.97 465.4
1769837280 2 464.1
1769837340 1.99 465.9
1769837400 2.03 466
1769837460 1.93 465.8
1769837520 1.94 465
1769837580 2 462.2
1769837640 2.01 461.4
1769837700 2 461.5
1769837760 2.05 459.5
1769837820 2.16 458.6
1769837880 2.06 461.5
1769837940 1.74 466.6
1769838000 1.93 466.2
1769838060 1.72 466.8
1769838120 2.03 467.6
1769838180 1.71 455.6
1769838240 2.06 455.6
1769838300 2.26 456.6
1769838360 2.13 459.9
1769838420 1.98 461
1769838480 2 460.4
1769838540 1.97 458
1769838600 1.95 456.5
1769838660 1.98 456.7
1769838720 1.98 456.9
1769838780 1.98 457.1
1769838840 1.83 456.5
1769838900 1.79 456.3
1769838960 1.93 455.6
1769839080 2.03 457.2
1769839140 1.97 454.2
1769839200 1.94 454.6
1769839260 1.92 453.4
1769839320 1.92 455.4
1769839380 1.88 454.4
1769839440 1.9 454.2
1769839500 1.9 453.4
1769839560 1.69 454.1
1769839620 1.67 454.7
1769839680 1.92 453.5
1769839740 1.92 453.4
1769839800 1.92 452.7
1769839860 1.86 454.8
1769839920 1.9 452.8
1769839980 1.94 453.9
1769840040 1.92 453.1
1769840100 1.9 454.1
1769840160 1.89 453
1769840220 1.93 454.1
1769840280 1.73 456.3
1769840340 1.95 457
1769840400 2 455.9
1769840460 1.97 455.9
1769840520 2.01 456.9
1769840580 2.03 457.5
1769840640 2.05 456.9
1769840700 2.03 454.7
1769840760 2 453.3
1769840820 1.97 453.8
1769840880 2.09 454.1
1769840940 2.03 454.4
1769841060 1.94 456.3
1769841120 2.02 457.1
1769841180 2.05 456.2
1769841240 2.02 457.2
1769841300 2.08 455.7
1769841360 2.03 455.6
1769841420 1.91 454.3
1769841480 1.93 454.1
1769841540 1.91 455.2
1769841600 1.84 454.5
1769841660 1.95 454.4
1769841720 1.95 455.2
1769841780 2.01 454.9
1769841840 2 454.8
1769841900 1.93 457.6
1769841960 1.92 453.6
1769842020 1.95 458.4
1769842080 1.94 455.8
1769842140 1.93 452.2
1769842200 1.96 451.6
1769842260 1.98 453.1
1769842320 1.98 453
1769842380 1.97 453.3
1769842440 1.96 452.5
1769842500 2.02 451.3
1769842560 2.12 450.9
1769842620 2.13 449.9
1769842680 2.02 450.6
1769842740 1.94 450.4
1769842800 1.9 451.9
1769842860 1.72 450.5
1769842920 2.05 451.1
1769843040 3.31 475.2
1769843100 3.31 475.2
1769846580 2.09 455.5
1769846640 2.1 455
1769846700 2.14 449.6
1769846760 2.24 447.3
1769846820 2.25 449.7
1769846880 2.14 444.8
1769846940 2.12 444.2
1769847000 2.16 443.6
1769847060 2.15 446.2
1769847120 1.29 438.1
1769847180 1.48 438.3
1769847240 2.1 443.3
1769847300 2.23 444.2
1769847360 2.21 444.7
1769847420 1.97 443.4
1769847480 1.9 443.7
1769847540 1.52 440.8
1769847600 0.89 429.5
1769847660 2.68 451.8
1769847720 2.07 445.8
1769847780 2.25 446.6
1769847840 2.13 442.1
1769847900 2.08 442
1769847960 2.02 443.1
1769848020 2 442.1
1769848080 1.95 441.3
1769848140 1.97 441.6
1769848200 1.84 441.3
1769848260 1.85 441
1769848320 2.1 441.1
1769848380 2.02 440.8
1769848440 1.95 441.8
1769848500 1.99 442.4
1769848560 2.08 442.5
1769848680 2.12 441.4
1769848740 2.15 443.2
1769848800 1.99 441.2
1769848860 2.12 445
1769848920 2.16 446
1769848980 2.1 443.7
1769849040 2.38 448.6
1769849100 2.61 450.6
1769849160 2.45 446.1
1769849220 2.15 442.8
1769849280 2.26 445.8
1769849340 2.49 447.8
1769849400 1.97 442.9
1769849460 2.09 443.5
1769849520 2.61 449.3
1769849580 2.43 449.1
1769849640 1.74 443.1
1769849700 0.64 426.7
1769849760 2.32 454
1769849820 2.64 451.6
1769849880 2.1 445.4
1769849940 1.34 436.6
1769850000 2 442.4
1769850060 2.25 444.9
1769850120 1.99 443.3
1769850180 1.99 443.4
1769850240 1.97 441.9
1769850300 1.86 441.5
1769850360 1.61 441.9
1769850480 2.7 455.9
1769850540 2.65 448.4
1769850600 2.05 441.5
1769850660 1.98 442.3
1769850720 2.01 442.2
1769850780 2.05 444.6
1769850840 2.01 442.8
1769850900 2 442
1769850960 2.82 450.9
1769851020 2.29 447.4
1769851080 2 442.6
1769851140 2.43 446.4
1769851200 2.7 452.4
1769851260 2.37 446.6
1769851320 2.08 442.4
1769851380 2.15 439.8
1769851440 2.23 441.2
1769851500 2.07 442.8
1769851560 2.16 439.4
1769851620 3.02 452
1769851680 2.27 442.2
1769851740 1.83 437.4
1769851800 2 437.8
1769851860 9.86 414
1769851920 6.75 429.4
1769851980 2.4 444.6
1769852040 2.17 442.1
1769852100 2.1 442.2
1769852160 2.05 443
1769852220 1.62 438.3
1769852280 1.33 437.1
1769852340 2.68 449.8
1769852400 2.46 448.3
1769852460 1.92 441.8
1769852520 2.04 439.2
1769852580 2.49 447.3
1769852640 2.71 450
1769852700 2.39 445.3
1769852760 2.26 443
1769852820 2.11 441.7
1769852880 2.05 441.2
1769852940 2.13 440.8
1769853000 2.11 439.4
1769853060 2.08 438.5
1769853120 2.15 440.2
1769853180 2.28 440.9
1769853240 2.23 437.9
1769853300 2.08 438.1
1769853360 2.05 437.6
1769853420 2.06 437.7
1769853480 2.1 436.5
1769853600 1.91 435.4
1769853660 2.2 438.6
1769853720 2.13 438.2
1769853780 2.07 438.2
1769853840 2.05 436.3
1769853900 2.12 436.6
1769853960 2.11 437.8
1769854020 2.06 437.5
1769854080 2.11 436.8
1769854140 2.11 436.6
1769854200 2.05 437.5
1769854260 2 437
1769854320 1.83 437.1
1769854380 2.08 437.2
1769854440 1.97 437.1
1769854500 2.19 436.5
1769854560 1.97 435.3
1769854620 2.1 434.8
1769854680 2.13 435.2
1769854740 2.58 440.1
1769854800 1.98 435.2
1769854860 1.48 430.7
1769854920 2.96 446.4
1769854980 2.47 441.7
1769855040 1.41 430.6
1769855100 1.16 426.1
1769855160 2.41 438.1
1769855220 2.68 442.9
1769855280 1.92 433.1
1769855340 1.85 432.9
1769855400 2.06 435.5
1769855460 1.94 432.8
1769855520 1.45 428.2
1769855580 2.41 439.7
1769855640 2.32 437.6
1769855700 2.14 439
1769855760 1.18 426.1
1769855820 1.49 427.2
1769855880 2.48 439.1
1769855940 2.52 441.4
1769856000 1.77 434.6
1769856060 1.33 429.9
1769856120 2.01 436.9
1769856180 1.95 433.8
1769856240 1.5 429.6
1769856300 2.67 442.2
1769856360 2.26 435.1
1769856420 1.86 434
1769856480 0.89 422.6
1769856540 2.55 443.1
1769856600 2.32 439.1
1769856660 1.88 435
1769856720 2.04 437.5
1769856780 2.15 437.2
1769856840 2.1 435.4
1769856900 1.22 427.4
1769856960 1.51 430.8
1769857020 2.08 436.8
1769857080 2.08 436
1769857140 1.77 433.9
1769857200 1.02 425.9
1769857260 2.88 447.5
1769857320 2.13 434.8
1769857380 2.05 434
1769857440 2.19 437.3
1769857500 1.97 434.3
1769857560 1.87 433.8
1769857620 1.21 426.6
1769857680 2.01 435.5
1769857740 2.7 444.3
1769857800 2.51 442.1
1769857860 1.56 430.9
1769857920 1.39 429.7
1769857980 2.68 444.7
1769858040 2.01 434.8
1769858100 2.02 432.3
1769858160 2.3 436.9
1769858220 2.15 436.8
1769858280 1.93 437
1769858340 0.81 424.5
1769858400 2.33 442.9
1769858460 2.85 445.1
1769858520 2.41 439.9
1769858580 1.29 429.6
1769858640 2.03 438
1769858700 2.66 445.3
1769858760 2.17 439.8
1769858820 1.74 434.1
1769858880 2.53 442.8
1769858940 2.36 440.7
1769859000 1.71 433.1
1769859060 1.31 428.5
1769859120 3.2 446.9
1769859180 2.38 437.5
1769859240 2.21 435.5
1769859300 1.53 429.9
1769859360 2.14 434.9
1769859420 2.34 438.3
1769859480 2.21 436.6
1769859540 2.24 435.9
1769859600 2.22 436.2
1769859660 1.98 436.7
1769859720 2.07 436.7
1769859780 2.23 436.3
1769859840 2.1 435.7
1769859900 2.16 435
1769859960 2.11 435.9
1769860020 2.22 436.2
1769860080 2.07 435.8
1769860140 2.2 434.4
1769860200 2.13 434.5
1769860260 2.07 434.5
1769860320 2.08 435.2
1769860380 2.05 436.8
1769860440 2.04 435.7
1769860500 2.17 434.7
1769860560 2.2 434.8
1769860620 2.23 434.4
1769860680 2.17 433.9
1769860740 2.13 434.2
1769860800 2.2 434.4
1769860860 2.21 432.7
1769860920 2.21 433.2
1769860980 2.2 435
1769861040 2.15 434.1
1769861100 1.83 436.5
1769861160 2.18 433.6
1769861220 2.13 433.8
1769861280 2.22 434
1769861340 2.16 434.5
1769861400 2.14 434.3
1769861460 2.11 433.5
1769861520 2.12 433.9
1769861580 2.09 433.7
1769861640 2.03 433.3
1769861700 2.01 433.6
1769861760 2 433.7
1769861820 2.07 433.7
1769861880 2.18 434
1769861940 2.15 433.4
1769862000 2.12 434.5
1769862060 2.19 435.1
1769862120 2.2 436.9
1769862180 2.22 435.2
1769862240 2.17 435.6
1769862300 2.11 436.6
1769862360 2.03 432.4
1769862420 2.08 430.7
1769862480 2.12 431.3
1769862540 2.11 431.2
1769862600 2.16 430.9
1769862660 2.16 431.1
1769862720 2.08 431.2
1769862840 1.96 431.5
1769862900 1.94 431.5
1769862960 1.85 431.6
1769863020 2.05 434.4
1769863080 2.11 433
1769863140 2.14 435.5
1769863200 2.21 433.4
1769863260 2.15 434.1
1769863320 2.14 435.7
1769863380 2.16 435.2
1769863440 2.1 434.7
1769863500 2.04 435.4
1769863560 2.07 434.8
1769863620 2.06 433.1
1769863680 2.07 433.3
1769863740 2.25 434.3
1769863800 2.21 433.4
1769863860 2.21 433
1769863920 2.21 433.4
1769863980 2.19 434.2
1769864040 2.22 433.5
1769864100 2.21 435.3
1769864160 2.24 435.9
1769864220 2.24 436.3
1769864280 2.19 435.6
1769864340 1.9 435.8
1769864400 1.99 434.9
1769864460 2.11 433.5
1769864520 2.13 433.1
1769864580 2.12 433.7
1769864640 2.07 434.5
1769864700 2.11 434.7
1769864820 1.97 431.6
1769864880 1.96 431.4
1769864940 1.94 429.7
1769865000 2.1 429.1
1769865060 1.54 431.7
1769865120 2 428.2
1769865180 2 428
1769865240 2.07 428.9
1769865300 2.03 430.3
1769865360 2.03 430.5
1769865420 2.02 430.7
1769865480 2.05 430.7
1769865540 2.06 430
1769865600 2.04 430
1769865660 2.08 430.1
1769865720 2.01 429.8
1769865780 1.92 430.5
1769865840 2.07 432
1769865900 2.06 430
1769865960 1.95 431.7
1769866020 2.05 431.7
1769866080 1.97 430.6
1769866140 2.04 429
1769866200 1.98 428.3
1769866260 2 427.4
1769866320 2.06 426.7
1769866380 2.07 427
1769866440 1.91 427.8
1769866500 1.88 428.1
1769866560 2.04 427.3
1769866620 1.99 425.9
1769866680 2.06 426.4
1769866800 2.09 428.1
1769866860 2.09 428.1
1769866920 1.87 427
1769866980 2.05 427.7
1769867040 1.99 429.1
1769867100 1.85 429.7
1769867160 1.75 426.5
1769867220 1.91 423.8
1769867280 2.05 423.7
1769867340 2.04 423.9
1769867400 2.01 423.7
1769867460 2 423
1769867520 1.99 422.5
1769867580 2.01 423.2
1769867640 1.96 423.3
1769867700 2.07 424.8
1769867760 1.97 425.1
1769867820 2.07 423.5
1769867880 1.89 423.5
1769867940 1.98 424.1
1769868000 1.9 423.4
1769868060 1.96 422.8
1769868120 1.94 422.3
1769868180 2.02 422.5
1769868240 1.98 423.1
1769868300 1.91 422.4
1769868360 1.91 422.1
1769868420 1.96 422.8
1769868480 1.98 423.1
1769868540 1.98 423.4
1769868600 2.1 424.1
1769868660 2.06 427.4
1769868840 2.14 426.2
1769868900 2.09 426.2
1769868960 2.09 425.8
1769869020 1.88 425.5
1769869080 2.09 426
1769869140 2.13 425.5
1769869200 2.14 424.5
1769869260 2.13 424.4
1769869320 2.18 424.6
1769869380 2.2 424.1
1769869440 2.12 424.1
1769869500 2.13 425.1
1769869560 2.09 425
1769869620 2.21 425.3
1769869680 2.11 425.6
1769869740 1.81 425.6
1769869800 2.14 426.4
1769869860 2.15 425.3
1769869920 2.09 425.5
1769869980 2.2 425.4
1769870040 2.23 425.3
1769870100 2.23 424.7
1769870160 2.18 423.7
1769870220 2.2 423.5
1769870280 2.2 423.8
1769870340 2.18 424.4
1769870400 2.09 425.8
1769870460 1.94 426.3
1769870520 2.2 425.7
1769870580 2.14 425.3
1769870640 2.27 426.8
1769870820 2.23 425.2
1769870880 2.23 424.3
1769870940 2.22 423.1
1769871000 2.24 424.7
1769871060 2.23 425.1
1769871120 1.99 426.4
1769871180 2.01 425.4
1769871240 2.1 423.2
1769871300 2.11 421
1769871360 2.22 418.6
1769871420 2.24 417.8
1769871480 2.1 418.4
1769871540 2.17 419.8
1769871600 2.12 423.3
1769871840 1.55 431.6
1769871900 1.32 410.7
1769871960 2.05 424.9
1769872020 2.2 443.9
1769872080 2.15 449.8
1769872140 2.6 436.3
1769872200 2.21 427.9
1769872260 1.84 421.1
1769872320 1.69 418.4
1769872380 1.45 408.7
1769872440 2.07 416.2
1769872500 2.58 433.9
1769872560 1.38 437.5
1769872620 1.6 438.5
1769872680 2.95 445.6
1769872860 2.64 437.2
1769872920 2.42 434.7
1769872980 2.1 431.2
1769873040 2.04 427
1769873100 2.48 432
1769873160 2.62 435
1769873220 2.21 429.5
1769873280 1.94 424.7
1769873340 2.19 428.1
1769873400 2.6 438.1
1769873460 2.23 428
1769873520 2.11 426.8
1769873580 2.02 419.9
1769873640 2.1 423.1
1769873700 1.74 423.1
1769873760 1.89 424.1
1769873820 2.26 430.5
1769873880 2.32 433.6
1769873940 2.1 431.4
1769874000 1.86 427.6
1769874060 2.12 427.3
1769874120 2.3 425.3
1769874180 2.12 422.3
1769874240 2.02 422.7
1769874300 2.26 428.3
1769874360 2.19 426.9
1769874420 1.83 419.5
1769874480 1.04 405.9
1769874540 1.35 411.5
1769874600 2.9 432.6
1769874660 2.83 432.1
1769874720 2.83 432
1769874780 1.85 415.6
1769874840 2.09 427.8
1769874900 2.18 423.2
1769874960 2.12 419.6
1769875020 1.98 419.4
1769875080 1.9 423.5
1769875200 2.04 421
1769875260 2.33 424.5
1769875320 2.86 430.3
1769875380 2.06 417.7
1769875440 1.61 407.2
1769875500 2.25 424.9
1769875560 2.05 419.9
1769875620 1.5 410.9
1769875680 2.22 422.6
1769875740 2.25 423.3
1769875800 2.17 427.8
1769875860 1.27 411.3
1769875920 1.85 425.2
1769875980 2.16 430.6
1769876040 1.88 423.5
1769876100 1.87 422
1769876160 2.02 421.3
1769876220 2.13 424.3
1769876280 1.76 426.6
1769876340 1.62 422.7
1769876400 1.95 431.7
1769876460 2.38 428.1
1769876580 1.24 412
1769876640 1.32 414.8
1769876700 1.33 415.2
1769876760 2.52 428.4
1769876820 1.87 421.8
1769876880 1.78 422.7
1769876940 2.01 426.3
1769877000 1.82 421.5
1769877060 1.54 416.8
1769877120 1.82 423.9
1769877180 2.22 432.7
1769877240 1.86 426.3
1769877300 1.41 411.2
1769877360 1.52 415.4
1769877420 2.16 427.6
1769877480 2.15 435.3
1769877540 1.81 424.7
1769877600 2.42 422.9
1769877660 1.8 422.9
1769877720 1.4 416.5
1769877780 1.79 425.1
1769877840 1.94 425.7
1769877900 1.85 426.6
1769877960 1.61 421
1769878020 1.77 417.3
1769878080 2.3 423.7
1769878140 2.24 419.3
1769878200 2.17 414.2
1769878260 2.09 413.7
1769878320 2.14 420.1
1769878380 2.19 422.1
1769878440 2.17 420.5
1769878500 2.67 434
1769878560 2.89 427.2
1769878620 2.23 421.1
1769878680 2.08 420
1769878740 1.9 420.2
1769878800 2.09 422.3
1769878860 2.25 423.1
1769878920 2.1 421.6
1769878980 2.03 420.9
1769879040 2.12 420.5
1769879100 1.96 419.2
1769879160 2.24 420.8
1769879220 2.54 426.4
1769879280 2.75 424.4
1769879340 2.49 421.8
1769879400 1.23 403.5
1769879460 2.37 421.8
1769879520 1.93 432.7
1769879580 1.43 422.5
1769879640 1.76 428.4
1769879700 2.05 429.8
1769879760 1.72 422.6
1769879820 1.22 410
1769879880 1.55 413.8
1769879940 2.27 424
1769880000 2.38 418.9
1769880060 2.17 412.3
1769880120 2.03 411.3
1769880180 2.05 418.2
1769880240 2.38 419.9
1769880300 2.12 408.9
1769880360 1.8 415.6
1769880420 1.84 411.6
1769880480 1.81 418.6
1769880540 1 400.6
1769880600 1.78 407.2
1769880660 2.1 410.8
1769880720 2.7 424.5
1769880780 2.54 419.7
1769880840 2.35 413
1769880900 2.29 413
1769880960 2.03 412.1
1769881020 1.74 405.3
1769881080 2.59 415.6
1769881140 3.42 432.3
1769881200 1.94 422.2
1769881260 1.1 392.3
1769881320 2.11 409
1769881380 2.49 415.3
1769881440 2.61 415.7
1769881500 2.19 411.5
1769881560 2.57 425.8
1769881620 2.23 434.4
1769881680 1.93 422
1769881740 2.36 415.4
1769881800 2.63 416.3
1769881860 2.33 414.9
1769881920 1.74 405.8
1769881980 1.51 398.6
1769882040 2.49 418.9
1769882100 2.44 411.6
1769882160 2.46 413.8
1769882220 2.74 417.4
1769882280 2.29 411.8
1769882340 2.1 417.6
1769882400 1.69 402
1769882460 2.48 411.2
1769882520 2.51 412.9
1769882580 2.43 418.3
1769882640 2.41 420.9
1769882700 1.19 384.7
1769882760 1.99 398.4
1769882820 2.65 408.1
1769882880 2.39 402.4
1769882940 2.38 403.6
1769883000 2.38 402.7
1769883060 2.26 404.4
1769883120 1.8 398.2
1769883180 2.92 410
1769883240 2.41 408.4
1769883300 2.29 405.5
1769883360 1.64 397.5
1769883420 2.71 407
1769883480 2.58 405.8
1769883540 2.36 403.1
1769883600 2.43 404.1
1769883660 2.37 404
1769883720 2.23 402.5
1769883780 2.02 395.8
1769883840 2.16 392.5
1769883900 2.71 401.2
1769883960 2.24 399.4
1769884020 2.31 400.2
1769884080 1.49 394
1769884140 1.75 396.5
1769884200 2.52 403
1769884260 2.2 406.7
1769884320 2.21 406.1
1769884380 1.96 406.4
1769884440 2 404.5
1769884500 1.59 398.1
1769884560 2.23 405.2
1769884620 2.76 411.2
1769884800 2.76 407.8
1769884860 2.63 404
1769884920 2.54 404.6
1769884980 2.5 402.3
1769885040 2.34 403.2
1769885100 2.6 407.5
1769885160 2.07 407.5
1769885220 1.56 391.4
1769885280 2.78 413.6
1769885340 2.75 406.9
1769885400 2.43 404
1769885460 2.22 398.8
1769885520 2.32 402.5
1769885580 2.46 405.7
1769885640 2.4 404.7
1769885700 2.3 402.6
1769885760 2.34 402.6
1769885820 2.39 406.7
1769885880 2.14 404.6
1769885940 1.84 395.8
1769886000 2.87 409.6
1769886060 2.76 410.1
1769886120 2.48 400.4
1769886180 2.39 401.2
1769886240 2.62 404.3
1769886300 2.64 406.9
1769886360 2.35 398.7
1769886420 2.6 405.4
1769886480 2.61 403.5
1769886540 2.37 403.1
1769886600 2.25 406
1769886660 1.74 388
1769886720 2.16 397.1
1769886780 2.96 412.8
1769886840 2.92 407.8
1769886900 2.5 401.2
1769886960 2.74 403
1769887020 2.37 400.5
1769887080 2.53 398.5
1769887140 2.59 401.9
1769887200 2.66 401.4
1769887260 2.28 400.1
1769887320 2.45 395.6
1769887380 2.9 399.7
1769887440 2.87 401.1
1769887500 2.63 399.1
1769887560 2.61 398.8
1769887620 2.62 399.2
1769887680 2.6 399.6
1769887740 2.55 399.9
1769887800 2.22 397.5
1769887860 3.12 403
1769887920 2.47 397.1
1769887980 2.49 402.3
1769888040 1.77 390.3
1769888100 2.87 396.7
1769888160 2.82 400.3
1769888220 2.79 400.1
1769888280 2.61 399
1769888340 2.7 399.5
1769888400 2.56 398.3
1769888460 2.25 393.4
1769888520 2.26 394.9
1769888580 2.42 399.8
1769888640 1.74 391.5
1769888700 1.98 393.5
1769888760 2.44 394.4
1769888820 2.05 382.3
1769888880 2.87 400.1
1769888940 2.82 396
1769889000 2.3 395.6
1769889060 2.6 395.2
1769889120 2.37 396.2
1769889180 1.93 393
1769889240 2.22 391.8
1769889300 2.19 386
1769889360 2.28 392.5
1769889420 2.06 392.1
1769889480 2.01 390.7
1769889540 2.14 390.3
1769889600 2.19 389.7
1769889660 2.55 399.1
1769889720 2.59 397.4
1769889780 2.35 395.9
1769889840 2.04 396.2
1769889900 1.82 391.1
1769889960 2.67 396.5
1769890020 2.72 398.8
1769890080 2.73 398.7
1769890140 2.16 394
1769890200 2.56 395.5
1769890260 2.71 398.7
1769890320 2.77 393.8
1769890380 2.85 390
1769890440 2.83 386.5
1769890500 2.57 383.7
1769890560 2.29 384.8
1769890620 2.03 374.7
1769890680 2.03 374.7
1769890740 3.04 392
1769890800 3.01 391.6
1769890860 2.62 387.5
1769890920 2.5 382
1769890980 2.7 383.6
1769891040 2.77 383.9
1769891100 2.82 386.9
1769891160 2.72 389.1
1769891220 2.53 388
1769891280 1.89 377.7
1769891340 1.9 376
1769891400 2.46 383.2
1769891460 2.66 385.7
1769891520 2.67 385.4
1769891580 2.85 386.8
1769891640 2.74 383.3
1769891700 2.74 385.3
1769891760 2.65 383.5
1769891820 3.07 390.9
1769891880 2.55 383.7
1769891940 2.51 389
1769892000 1.75 371.5
1769892060 2.52 384.1
1769892120 2.6 386.2
1769892180 2.64 384.5
1769892240 2.71 384
1769892300 2.8 387.2
1769892360 2.69 388.1
1769892420 2.46 384.2
1769892480 2.6 384.2
1769892540 2.97 389.9
1769892720 2.28 384.1
1769892780 2.85 393.6
1769892840 2.79 395.9
1769892900 2.87 392.8
1769892960 2.55 391.1
1769893020 2.64 391.7
1769893080 2.57 390.3
1769893140 2.27 388.3
1769893200 2.65 394
1769893260 2.77 393.2
1769893320 2.38 390.9
1769893380 1.99 388.5
1769893440 2.15 388.2
1769893500 2.83 398.5
1769893560 2.76 396.6
1769893620 2.47 390.7
1769893680 2.49 393.3
1769893740 2.39 389.5
1769893800 2.54 390.5
1769893860 2.35 386.5
1769893920 2.91 394.9
1769893980 2.72 391.1
